6525.728516044703
16692.187730074584
6641.522678216931
19343.05104501147
27.0
3272.7969676314506
36.0
3215.649535951023
4772.7592825776765
3106.1536733500416
4161.776872871672
6726.835916626914
3478.9653041051415
24426.325398445308
7378.071679587362
3087.853927512047
7142.825638236933
19332.256807631336
7418.033635913669
11469.850575950912
36.0
27.0
906.1310060818097
3150.348196829773
790.7087932016428
4386.524763253879
6155.564775397692
4263.681008842773
60.0
757.5387373194214
4282.586268553587
824.8619052404538
801.7612227662868
9.0